files/images/blocks/blockBg.png
0 0 0 0 0 0 0 0 0 0 0 0 0 0 0 0 0 0 0 0 0 0 0 0 0 0 0 0 0 0 0 0 0 0 0 0 0 0 0 0 0 0 0 0 0 0 0 0 0 0 
0 0 0 0 0 0 0 0 0 0 0 0 0 0 0 0 0 0 0 0 0 0 0 0 0 0 0 0 0 0 0 0 0 0 0 0 0 0 0 0 0 0 0 0 0 0 0 0 0 0 
0 0 0 0 0 0 0 0 0 0 0 0 0 0 0 0 0 0 0 0 0 0 0 0 0 0 0 0 0 0 0 0 0 0 0 0 0 0 0 0 0 0 0 0 0 0 0 0 0 0 
0 0 0 0 0 0 0 0 0 0 0 0 0 0 0 0 0 0 0 0 0 0 0 0 0 0 0 0 0 0 0 0 0 0 0 0 0 0 0 0 0 0 0 0 0 0 0 0 0 0 
0 0 0 0 0 0 0 0 0 0 0 0 0 0 0 0 0 0 0 0 0 0 0 0 0 0 0 0 0 0 0 0 0 0 0 0 0 0 0 0 0 0 0 0 0 0 0 0 0 0 
0 0 0 0 0 0 0 0 0 0 0 0 0 0 0 0 0 0 0 0 0 0 0 0 0 0 0 0 0 0 0 0 0 0 0 0 0 0 0 0 0 0 0 0 0 0 0 0 0 0 
0 0 0 0 0 0 0 0 0 0 0 0 0 0 0 0 0 0 0 0 0 0 0 0 0 0 0 0 0 0 0 0 0 0 0 0 0 0 0 0 0 0 0 0 0 0 0 0 0 0 
0 0 0 0 0 0 0 0 0 0 0 0 0 0 0 0 0 0 0 0 0 0 0 0 0 0 0 0 0 0 0 0 0 0 0 0 0 0 0 0 0 0 0 0 0 0 0 0 0 0 
0 0 0 0 0 0 0 0 0 0 0 0 0 0 0 0 0 0 0 0 0 0 0 0 0 0 0 0 0 0 0 0 0 0 0 0 0 0 0 0 0 0 0 0 0 0 0 0 0 0 
0 0 0 0 0 0 0 0 0 0 0 0 0 0 0 0 0 0 0 0 0 0 0 0 0 0 0 0 0 0 0 0 0 0 0 0 0 0 0 0 0 0 0 0 0 0 0 0 0 0 
0 0 0 0 0 0 0 0 0 0 0 0 0 0 0 0 0 0 0 0 0 0 0 0 0 0 0 0 0 0 0 0 0 0 0 0 0 0 0 0 0 0 0 0 0 0 0 0 0 0 
0 0 0 0 0 0 0 0 0 0 0 0 0 0 0 0 0 0 0 0 0 0 0 0 0 0 0 0 0 0 0 0 0 0 0 0 0 0 0 0 0 0 0 0 0 0 0 0 0 0 
0 0 0 0 0 0 0 0 0 0 0 0 0 0 0 0 0 0 0 0 0 0 0 0 0 0 0 0 0 0 0 0 0 0 0 0 0 0 0 0 0 0 0 0 0 0 0 0 0 0 
0 0 0 0 0 0 0 0 0 0 0 0 0 0 0 0 0 0 0 0 0 0 0 0 0 0 0 0 0 0 0 0 0 0 0 0 0 0 0 0 0 0 0 0 0 0 0 0 0 0 
0 0 0 0 0 0 0 0 0 0 0 0 0 0 0 0 0 0 0 0 0 0 0 0 0 0 0 0 0 0 0 0 0 0 0 0 0 0 0 0 0 0 0 0 0 0 0 0 0 0 
0 0 0 0 0 0 0 0 0 0 0 0 0 0 0 0 0 0 0 0 0 0 0 0 0 0 0 0 0 0 0 0 0 0 0 0 0 0 0 0 0 0 0 0 0 0 0 0 0 0 
0 0 0 0 0 0 0 0 0 0 0 0 0 0 0 0 0 0 0 0 0 0 0 0 0 0 0 0 0 0 0 0 0 0 0 0 0 0 0 0 0 0 0 0 0 0 0 0 0 0 
0 0 0 0 0 0 0 0 0 0 0 0 0 0 0 0 0 0 0 0 0 0 0 0 0 0 0 0 0 0 0 0 0 0 0 0 0 0 0 0 0 0 0 0 0 0 0 0 0 0 
0 0 0 0 0 0 0 0 0 0 0 0 0 0 0 0 0 0 0 0 0 0 0 0 0 0 0 0 0 0 0 0 0 0 0 0 0 0 0 0 0 0 0 0 0 0 0 0 0 0 
0 0 0 0 0 0 0 0 0 0 0 0 0 0 0 0 0 0 0 0 0 0 0 0 0 0 0 0 0 0 0 0 0 0 0 0 0 0 0 0 0 0 0 0 0 0 0 0 0 0 
0 0 0 0 0 0 0 0 0 0 0 0 0 0 0 0 0 0 0 0 0 0 0 0 0 0 0 0 0 0 0 0 0 0 0 0 0 0 0 0 0 0 0 0 0 0 0 0 0 0 
0 0 0 0 0 0 0 0 0 0 0 0 0 0 0 0 0 0 0 0 0 0 0 0 0 0 0 0 0 0 0 0 0 0 0 0 0 0 0 0 0 0 0 0 0 0 0 0 0 0 
0 0 0 0 0 0 0 0 0 0 0 0 0 0 0 0 0 0 0 0 0 0 0 0 0 0 0 0 0 0 0 0 0 0 0 0 0 0 0 0 0 0 4007 4011 4011 4011 4011 4011 4011 4008 
0 0 0 0 0 0 0 0 0 0 0 0 0 4007 4011 4011 4011 4011 4011 4011 4011 4011 4011 4011 4011 4011 4011 4011 4011 4011 4011 4011 4011 4011 4011 4011 4011 4011 4011 4011 4011 4011 4015 4015 4015 4015 4015 4015 4015 4012 
4011 4011 4011 4011 4011 4011 4011 4011 4011 4011 4011 4011 4011 4015 4015 4015 4015 4015 4015 4015 4015 4015 4015 4015 4015 4015 4015 4015 4015 4015 4015 4015 4015 4015 4015 4015 4015 4015 4015 4015 4015 4015 4015 4015 4015 4015 4015 4015 4015 4012 
4015 4015 4015 4015 4015 4015 4015 4015 4015 4015 4015 4015 4015 4015 4015 4015 4015 4015 4015 4015 4015 4015 4015 4015 4015 4015 4015 4015 4015 4015 4015 4015 4015 4015 4015 4015 4015 4015 4015 4015 4015 4015 4015 4015 4015 4015 4015 4015 4015 4012 
4015 4015 4015 4015 4015 4015 4015 4015 4015 4015 4015 4015 4015 4015 4015 4015 4015 4015 4015 4015 4015 4015 4015 4015 4015 4015 4015 4015 4015 4015 4015 4015 4015 4015 4015 4015 4015 4015 4015 4015 4015 4015 4015 4015 4015 4015 4015 4015 4015 4012 
4014 4015 4015 4015 4015 4015 4015 4015 4015 4015 4015 4015 4015 4015 4015 4015 4015 4015 4015 4015 4015 4015 4015 4015 4015 4015 4015 4015 4015 4015 4015 4015 4015 4015 4015 4015 4015 4015 4015 4015 4015 4015 4015 4015 4015 4015 4015 4015 4015 4012 
4014 4015 4015 4015 4015 4015 4015 4015 4015 4015 4015 4015 4015 4015 4015 4015 4015 4015 4015 4015 4015 4015 4015 4015 4015 4015 4015 4015 4015 4015 4015 4015 4015 4015 4015 4015 4015 4015 4015 4015 4015 4015 4015 4015 4015 4015 4015 4015 4015 4012 
4014 4015 4015 4015 4015 4015 4015 4015 4015 4015 4015 4015 4015 4015 4015 4015 4015 4015 4015 4015 4015 4015 4015 4015 4015 4015 4015 4015 4015 4015 4015 4015 4015 4015 4015 4015 4015 4015 4015 4015 4015 4015 4015 4015 4015 4015 4015 4015 4015 4012 
4014 4015 4015 4015 4015 4015 4015 4015 4015 4015 4015 4015 4015 4015 4015 4015 4015 4015 4015 4015 4015 4015 4015 4015 4015 4015 4015 4015 4015 4015 4015 4015 4015 4015 4015 4015 4015 4015 4015 4015 4015 4015 4015 4015 4015 4015 4015 4015 4015 4012 
4014 4015 4015 4015 4015 4015 4015 4015 4015 4015 4015 4015 4015 4015 4015 4015 4015 4015 4015 4015 4015 4015 4015 4015 4015 4015 4015 4015 4015 4015 4015 4015 4015 4015 4015 4015 4015 4015 4015 4015 4015 4015 4015 4015 4015 4015 4015 4015 4015 4012 
4014 4015 4015 4015 4015 4015 4015 4015 4015 4015 4015 4015 4015 4015 4015 4015 4015 4015 4015 4015 4015 4015 4015 4015 4015 4015 4015 4015 4015 4015 4015 4015 4015 4015 4015 4015 4015 4015 4015 4015 4015 4015 4015 4015 4015 4015 4015 4015 4015 4012 
4014 4015 4015 4015 4015 4015 4015 4015 4015 4015 4015 4015 4015 4015 4015 4015 4015 4015 4015 4015 4015 4015 4015 4015 4015 4015 4015 4015 4015 4015 4015 4015 4015 4015 4015 4015 4015 4015 4015 4015 4015 4015 4015 4015 4015 4015 4015 4015 4015 4012 
4014 4015 4015 4015 4015 4015 4015 4015 4015 4015 4015 4015 4015 4015 4015 4015 4015 4015 4015 4015 4015 4015 4015 4015 4015 4015 4015 4015 4015 4015 4015 4015 4015 4015 4015 4015 4015 4015 4015 4015 4015 4015 4015 4015 4015 4015 4015 4015 4015 4012 
4014 4015 4015 4015 4015 4015 4015 4015 4015 4015 4015 4015 4015 4015 4015 4015 4015 4015 4015 4015 4015 4015 4015 4015 4015 4015 4015 4015 4015 4015 4015 4015 4015 4015 4015 4015 4015 4015 4015 4015 4015 4015 4015 4015 4015 4015 4015 4015 4015 4012 
4014 4015 4015 4015 4015 4015 4015 4015 4015 4015 4015 4015 4015 4015 4015 4015 4015 4015 4015 4015 4015 4015 4015 4015 4015 4015 4015 4015 4015 4015 4015 4015 4015 4015 4015 4015 4015 4015 4015 4015 4015 4015 4015 4015 4015 4015 4015 4015 4015 4012 
4014 4015 4015 4015 4015 4015 4015 4015 4015 4015 4015 4015 4015 4015 4015 4015 4015 4015 4015 4015 4015 4015 4015 4015 4015 4015 4015 4015 4015 4015 4015 4015 4015 4015 4015 4015 4015 4015 4015 4015 4015 4015 4015 4015 4015 4015 4015 4015 4015 4012 
4014 4015 4015 4015 4015 4015 4015 4015 4015 4015 4015 4015 4015 4015 4015 4015 4015 4015 4015 4015 4015 4015 4015 4015 4015 4015 4015 4015 4015 4015 4015 4015 4015 4015 4015 4015 4015 4015 4015 4015 4015 4015 4015 4015 4015 4015 4015 4015 4015 4012 
4014 4015 4015 4015 4015 4015 4015 4015 4015 4015 4015 4015 4015 4015 4015 4015 4015 4015 4015 4015 4015 4015 4015 4015 4015 4015 4015 4015 4015 4015 4015 4015 4015 4015 4015 4015 4015 4015 4015 4015 4015 4015 4015 4015 4015 4015 4015 4015 4015 4012 
4014 4015 4015 4015 4015 4015 4015 4015 4015 4015 4015 4015 4015 4015 4015 4015 4015 4015 4015 4015 4015 4015 4015 4015 4015 4015 4015 4015 4015 4015 4015 4015 4015 4015 4015 4015 4015 4015 4015 4015 4015 4015 4015 4015 4015 4015 4015 4015 4015 4012 
4014 4015 4015 4015 4015 4015 4015 4015 4015 4015 4015 4015 4015 4015 4015 4015 4015 4015 4015 4015 4015 4015 4015 4015 4015 4015 4015 4015 4015 4015 4015 4015 4015 4015 4015 4015 4015 4015 4015 4015 4015 4015 4015 4015 4015 4015 4015 4015 4015 4012 
4014 4015 4015 4015 4015 4015 4015 4015 4015 4015 4015 4015 4015 4015 4015 4015 4015 4015 4015 4015 4015 4015 4015 4015 4015 4015 4015 4015 4015 4015 4015 4015 4015 4015 4015 4015 4015 4015 4015 4015 4015 4015 4015 4015 4015 4015 4015 4015 4015 4012 
4014 4015 4015 4015 4015 4015 4015 4015 4015 4015 4015 4015 4015 4015 4015 4015 4015 4015 4015 4015 4015 4015 4015 4015 4015 4015 4015 4015 4015 4015 4015 4015 4015 4015 4015 4015 4015 4015 4015 4015 4015 4015 4015 4015 4015 4015 4015 4015 4015 4012 
4014 4015 4015 4015 4015 4015 4015 4015 4015 4015 4015 4015 4015 4015 4015 4015 4015 4015 4015 4015 4015 4015 4015 4015 4015 4015 4015 4015 4015 4015 4015 4015 4015 4015 4015 4015 4015 4015 4015 4015 4015 4015 4015 4015 4015 4015 4015 4015 4015 4012 
4014 4015 4015 4015 4015 4015 4015 4015 4015 4015 4015 4015 4015 4015 4015 4015 4015 4015 4015 4015 4015 4015 4015 4015 4015 4015 4015 4015 4015 4015 4015 4015 4015 4015 4015 4015 4015 4015 4015 4015 4015 4015 4015 4015 4015 4015 4015 4015 4015 4012 
4014 4015 4015 4015 4015 4015 4015 4015 4015 4015 4015 4015 4015 4015 4015 4015 4015 4015 4015 4015 4015 4015 4015 4015 4015 4015 4015 4015 4015 4015 4015 4015 4015 4015 4015 4015 4015 4015 4015 4015 4015 4015 4015 4015 4015 4015 4015 4015 4015 4012 
4014 4015 4015 4015 4015 4015 4015 4015 4015 4015 4015 4015 4015 4015 4015 4015 4015 4015 4015 4015 4015 4015 4015 4015 4015 4015 4015 4015 4015 4015 4015 4015 4015 4015 4015 4015 4015 4015 4015 4015 4015 4015 4015 4015 4015 4015 4015 4015 4015 4012 
4014 4015 4015 4015 4015 4015 4015 4015 4015 4015 4015 4015 4015 4015 4015 4015 4015 4015 4015 4015 4015 4015 4015 4015 4015 4015 4015 4015 4015 4015 4015 4015 4015 4015 4015 4015 4015 4015 4015 4015 4015 4015 4015 4015 4015 4015 4015 4015 4015 4012 
4009 4013 4013 4013 4013 4013 4013 4013 4013 4013 4013 4013 4013 4013 4013 4013 4013 4013 4013 4013 4013 4013 4013 4013 4013 4013 4013 4013 4013 4013 4013 4013 4013 4013 4013 4013 4013 4013 4013 4013 4013 4013 4013 4013 4013 4013 4013 4013 4013 4010 
0 0 0 0 0 0 0 0 0 0 0 0 0 0 0 0 0 0 0 0 0 0 0 0 0 0 0 0 0 0 0 0 0 0 0 0 0 0 0 0 0 0 0 0 0 0 0 0 0 0 
0 0 0 0 0 0 0 0 0 0 0 0 0 0 0 0 0 0 0 0 0 0 0 0 0 0 0 0 0 0 0 0 0 0 0 0 0 0 0 0 0 0 0 0 0 0 0 0 0 0 
0 0 0 0 0 0 0 0 0 0 0 0 0 0 0 0 0 0 0 0 0 0 0 0 0 0 0 0 0 0 0 0 0 0 0 0 0 0 0 0 0 0 0 0 0 0 0 0 0 0 
0 0 0 0 0 0 0 0 0 0 0 0 0 0 0 0 0 0 0 0 0 0 0 0 0 0 0 0 0 0 0 0 0 0 0 0 0 0 0 0 0 0 0 0 0 0 0 0 0 0 
0 0 0 0 0 0 0 0 0 0 0 0 0 0 0 0 0 0 0 0 0 0 0 0 0 0 0 0 0 0 0 0 0 0 0 0 0 0 0 0 0 0 0 0 0 0 0 0 0 0 
0 0 0 0 0 0 0 0 0 0 0 0 0 0 0 0 0 0 0 0 0 0 0 0 0 0 0 0 0 0 0 0 0 0 0 0 0 0 0 0 0 0 0 0 0 0 0 0 0 0 
0 0 0 0 0 0 0 0 0 0 0 0 0 0 0 0 0 0 0 0 0 0 0 0 0 0 0 0 0 0 0 0 0 0 0 0 0 0 0 0 0 0 0 0 0 0 0 0 0 0 
0 0 0 0 0 0 0 0 0 0 0 0 0 0 0 0 0 0 0 0 0 0 0 0 0 0 0 0 0 0 0 0 0 0 0 0 0 0 0 0 0 0 0 0 0 0 0 0 0 0 
0 0 0 0 0 0 0 0 0 0 0 0 0 0 0 0 0 0 0 0 0 0 0 0 0 0 0 0 0 0 0 0 0 0 0 0 0 0 0 0 0 0 0 0 0 0 0 0 0 0 
0 0 0 0 0 0 0 0 0 0 0 0 0 0 0 0 0 0 0 0 0 0 0 0 0 0 0 0 0 0 0 0 0 0 0 0 0 0 0 0 0 0 0 0 0 0 0 0 0 0 
0 0 0 0 0 0 0 0 0 0 0 0 0 0 0 0 0 0 0 0 0 0 0 0 0 0 0 0 0 0 0 0 0 0 0 0 0 0 0 0 0 0 0 0 0 0 0 0 0 0 
0 0 0 0 0 0 0 0 0 0 0 0 0 0 0 0 0 0 0 0 0 0 0 0 0 0 0 0 0 0 0 0 0 0 0 0 0 0 0 0 0 0 0 0 0 0 0 0 0 0 
0 0 0 0 0 0 0 0 0 0 0 0 0 0 0 0 0 0 0 0 0 0 0 0 0 0 0 0 0 0 0 0 0 0 0 0 0 0 0 0 0 0 0 0 0 0 0 0 0 0 
0 0 0 0 0 0 0 0 0 0 0 0 0 0 0 0 0 0 0 0 0 0 0 0 0 0 0 0 0 0 0 0 0 0 0 0 0 0 0 0 0 0 0 0 0 0 0 0 0 0 
0 0 0 0 0 0 0 0 0 0 0 0 0 0 0 0 0 0 0 0 0 0 0 0 0 0 0 0 0 0 0 0 0 0 0 0 0 0 0 0 0 0 0 0 0 0 0 0 0 0 
0 0 0 0 0 0 0 0 0 0 0 0 0 0 0 0 0 0 0 0 0 0 0 0 0 0 0 0 0 0 0 0 0 0 0 0 0 0 0 0 0 0 0 0 0 0 0 0 0 0 
0 0 0 0 0 0 0 0 0 0 0 0 0 0 0 0 0 0 0 0 0 0 0 0 0 0 0 0 0 0 0 0 0 0 0 0 0 0 0 0 0 0 0 0 0 0 0 0 0 0 
0 0 0 0 0 0 0 0 0 0 0 0 0 0 0 0 0 0 0 0 0 0 0 0 0 0 0 0 0 0 0 0 0 0 0 0 0 0 0 0 0 0 0 0 0 0 0 0 0 0 
0 0 0 0 0 0 0 0 0 0 0 0 0 0 0 0 0 0 0 0 0 0 0 0 0 0 0 0 0 0 0 0 0 0 0 0 0 0 0 0 0 0 0 0 0 0 0 0 0 0 
0 0 0 0 0 0 0 0 0 0 0 0 0 0 0 0 0 0 0 0 0 0 0 0 0 0 0 0 0 0 0 0 0 0 0 0 0 0 0 0 0 0 0 0 0 0 0 0 0 0 
0 0 0 0 0 0 0 0 0 0 0 0 0 0 0 0 0 0 0 0 0 0 0 0 0 0 0 0 0 0 0 0 0 0 0 0 0 0 0 0 0 0 0 0 0 0 0 0 0 0 
0 0 0 0 0 0 0 0 0 0 0 0 0 0 0 0 0 0 0 0 0 0 0 0 0 0 0 0 0 0 0 0 0 0 0 0 0 0 0 0 0 0 0 0 0 0 0 0 0 0 
0 0 0 0 0 0 0 0 0 0 0 0 0 0 0 0 0 0 0 0 0 0 0 0 0 0 0 0 0 0 0 0 0 0 0 0 0 0 0 0 0 0 0 0 0 0 0 0 0 0 
0 0 0 0 0 0 0 0 0 0 0 0 0 0 0 0 0 0 0 0 0 0 0 0 0 0 0 0 0 0 0 0 0 0 0 0 0 0 0 0 0 0 0 0 0 0 0 0 0 0 
0 0 0 0 0 0 0 0 0 0 0 0 0 0 0 0 0 0 0 0 0 0 0 0 0 0 0 0 0 0 0 0 0 0 0 0 0 0 0 0 0 0 0 0 0 0 0 0 0 0 
0 0 0 0 0 0 0 0 0 0 0 0 0 0 0 0 0 0 0 0 0 0 0 0 0 0 0 0 0 0 0 0 0 0 0 0 0 0 0 0 0 0 0 0 0 0 0 0 0 0 
0 0 0 0 0 0 0 0 0 0 0 0 0 0 0 0 0 0 0 0 0 0 0 0 0 0 0 0 0 0 0 0 0 0 0 0 0 0 0 0 0 0 0 0 0 0 0 0 0 0 
0 0 0 0 0 0 0 0 0 0 0 0 0 0 0 0 0 0 0 0 0 0 0 0 0 0 0 0 0 0 0 0 0 0 0 0 0 0 0 0 0 0 0 0 0 0 0 0 0 0 
0 0 0 0 0 0 0 0 0 0 0 0 0 0 0 0 0 0 0 0 0 0 0 0 0 0 0 0 0 0 0 0 0 0 0 0 0 0 0 0 0 0 0 0 0 0 0 0 0 0 
0 0 0 0 0 0 0 0 0 0 0 0 0 0 0 0 0 0 0 0 0 0 0 0 0 0 0 0 0 0 0 0 0 0 0 0 0 0 0 0 0 0 0 0 0 0 0 0 0 0 
0 0 0 0 0 0 0 0 0 0 0 0 0 0 0 0 0 0 0 0 0 0 0 0 0 0 0 0 0 0 0 0 0 0 0 0 0 0 0 0 0 0 0 0 0 0 0 0 0 0 
0 0 0 0 0 0 0 0 0 0 0 0 0 0 0 0 0 0 0 0 0 0 0 0 0 0 0 0 0 0 0 0 0 0 0 0 0 0 0 0 0 0 0 0 0 0 0 0 0 0 
0 0 0 0 0 0 0 0 0 0 0 0 0 0 0 0 0 0 0 0 0 0 0 0 0 0 0 0 0 0 0 0 0 0 0 0 0 0 0 0 0 0 0 0 0 0 0 0 0 0 
0 0 0 0 0 0 0 0 0 0 0 0 0 0 0 0 0 0 0 0 0 0 0 0 0 0 0 0 0 0 0 0 0 0 0 0 0 0 0 0 0 0 0 0 0 0 0 0 0 0 
0 0 0 0 0 0 0 0 0 0 0 0 0 0 0 0 0 0 0 0 0 0 0 0 0 0 0 0 0 0 0 0 0 0 0 0 0 0 0 0 0 0 0 0 0 0 0 0 0 0 
0 0 0 0 0 0 0 0 0 0 0 0 0 0 0 0 0 0 0 0 0 0 0 0 0 0 0 0 0 0 0 0 0 0 0 0 0 0 0 0 0 0 0 0 0 0 0 0 0 0 
0 0 0 0 0 0 0 0 0 0 0 0 0 0 0 0 0 0 0 0 0 0 0 0 0 0 0 0 0 0 0 0 0 0 0 0 0 0 0 0 0 0 0 0 0 0 0 0 0 0 
0 0 0 0 0 0 0 0 0 0 0 0 0 0 0 0 0 0 0 0 0 0 0 0 0 0 0 0 0 0 0 0 0 0 0 0 0 0 0 0 0 0 0 0 0 0 0 0 0 0 
0 0 0 0 0 0 0 0 0 0 0 0 0 0 0 0 0 0 0 0 0 0 0 0 0 0 0 0 0 0 0 0 0 0 0 0 0 0 0 0 0 0 0 0 0 0 0 0 0 0 
0 0 0 0 0 0 0 0 0 0 0 0 0 0 0 0 0 0 0 0 0 0 0 0 0 0 0 0 0 0 0 0 0 0 0 0 0 0 0 0 0 0 0 0 0 0 0 0 0 0 
0 0 0 0 0 0 0 0 0 0 0 0 0 0 0 0 0 0 0 0 0 0 0 0 0 0 0 0 0 0 0 0 0 0 0 0 0 0 0 0 0 0 0 0 0 0 0 0 0 0 
0 0 0 0 0 0 0 0 0 0 0 0 0 0 0 0 0 0 0 0 0 0 0 0 0 0 0 0 0 0 0 0 0 0 0 0 0 0 0 0 0 0 0 0 0 0 0 0 0 0 
0 0 0 0 0 0 0 0 0 0 0 0 0 0 0 0 0 0 0 0 0 0 0 0 0 0 0 0 0 0 0 0 0 0 0 0 0 0 0 0 0 0 0 0 0 0 0 0 0 0 
0 0 0 0 0 0 0 0 0 0 0 0 0 0 0 0 0 0 0 0 0 0 0 0 0 0 0 0 0 0 0 0 0 0 0 0 0 0 0 0 0 0 0 0 0 0 0 0 0 0 
0 0 0 0 0 0 0 0 0 0 0 0 0 0 0 0 0 0 0 0 0 0 0 0 0 0 0 0 0 0 0 0 0 0 0 0 0 0 0 0 0 0 0 0 0 0 0 0 0 0 
0 0 0 0 0 0 0 0 0 0 0 0 0 0 0 0 0 0 0 0 0 0 0 0 0 0 0 0 0 0 0 0 0 0 0 0 0 0 0 0 0 0 0 0 0 0 0 0 0 0 
0 0 0 0 0 0 0 0 0 0 0 0 0 0 0 0 0 0 0 0 0 0 0 0 0 0 0 0 0 0 0 0 0 0 0 0 0 0 0 0 0 0 0 0 0 0 0 0 0 0 
0 0 0 0 0 0 0 0 0 0 0 0 0 0 0 0 0 0 0 0 0 0 0 0 0 0 0 0 0 0 0 0 0 0 0 0 0 0 0 0 0 0 0 0 0 0 0 0 0 0 
0 0 0 0 0 0 0 0 0 0 0 0 0 0 0 0 0 0 0 0 0 0 0 0 0 0 0 0 0 0 0 0 0 0 0 0 0 0 0 0 0 0 0 0 0 0 0 0 0 0 
0 0 0 0 0 0 0 0 0 0 0 0 0 0 0 0 0 0 0 0 0 0 0 0 0 0 0 0 0 0 0 0 0 0 0 0 0 0 0 0 0 0 0 0 0 0 0 0 0 0 
